2014	2015	2016	2017	2018	2019	2020	2021	2022	2023
1	0	0	0	0	0	0	0	0	0
1	1	0	0	0	0	0	0	0	0
1	1	0	0	0	0	0	0	0	0
1	1	1	1	0	0	0	0	0	0
1	1	1	1	1	1	1	1	1	1
1	1	1	1	1	1	1	1	1	1
1	1	1	1	1	1	1	1	1	1
0	1	1	1	1	1	1	1	1	1
0	1	1	1	1	1	1	1	1	1
0	1	1	0	0	0	0	0	0	0
0	1	1	0	0	0	0	0	0	0
0	1	0	0	0	0	0	0	0	0
0	1	0	0	0	0	0	0	0	0
0	1	1	1	1	1	1	1	1	1
0	1	1	1	1	1	1	1	1	1
0	1	1	1	1	1	1	1	1	1
0	1	1	1	1	1	1	1	0	0
0	1	1	0	0	0	0	0	0	0
0	0	1	0	0	0	0	0	0	0
0	0	1	0	0	0	0	0	0	0
0	0	1	1	1	0	0	0	0	0
0	0	1	0	0	0	0	0	1	1
0	0	1	1	1	1	1	1	1	1
0	0	1	1	1	1	1	1	1	0
0	0	1	1	1	1	1	1	1	1
0	0	1	1	1	1	1	1	1	1
0	0	1	1	1	1	1	0	0	0
0	0	1	1	1	1	1	1	1	1
0	0	1	1	1	1	1	1	1	1
0	0	1	0	0	0	0	0	0	0
0	0	1	1	0	0	0	0	0	0
0	0	1	1	0	0	0	0	0	0
0	0	1	1	0	0	0	0	0	0
0	0	1	1	0	0	0	0	0	0
0	0	1	1	1	0	0	0	0	0
0	0	1	1	1	1	1	1	1	1
0	0	1	1	1	1	1	1	1	1
0	0	1	1	1	1	1	1	1	1
0	0	1	1	1	1	1	1	1	1
0	0	0	1	1	1	1	0	0	0
0	0	0	1	1	1	1	1	1	1
0	0	0	1	1	1	1	0	0	0
0	0	0	1	0	0	0	0	0	0
0	0	0	1	1	0	0	0	0	0
0	0	0	1	1	1	1	1	1	1
0	0	0	1	1	1	1	1	1	0
0	0	0	1	1	1	1	1	0	0
0	0	0	1	1	1	1	1	1	1
0	0	0	1	1	1	1	1	1	1
0	0	0	1	1	0	0	0	0	0
0	0	0	1	1	1	1	0	0	0
0	0	0	1	1	1	1	1	0	0
0	0	0	1	1	1	1	0	0	0
0	0	0	1	1	1	1	1	1	1
0	0	0	1	1	1	1	1	1	1
0	0	0	0	1	1	1	1	1	0
0	0	0	0	1	1	0	0	0	0
0	0	0	0	1	1	1	0	0	0
0	0	0	0	1	1	1	0	0	0
0	0	0	0	1	1	1	0	0	0
0	0	0	0	1	1	1	0	0	0
0	0	0	0	1	1	1	1	1	1
0	0	0	0	1	1	1	1	1	1
0	0	0	0	1	1	1	1	1	1
0	0	0	0	1	1	1	1	1	1
0	0	0	0	1	1	1	0	0	0
0	0	0	0	1	1	1	0	0	0
0	0	0	0	1	1	1	1	1	0
0	0	0	0	1	1	1	1	0	0
0	0	0	0	1	1	1	1	1	1
0	0	0	0	1	1	1	1	1	1
0	0	0	0	1	1	1	1	1	1
0	0	0	0	1	1	1	1	1	1
0	0	0	0	1	1	1	1	1	1
0	0	0	0	1	1	1	1	1	1
0	0	0	0	1	1	1	1	1	1
0	0	0	0	1	1	0	0	0	0
0	0	0	0	1	1	0	0	0	0
0	0	0	0	1	1	0	0	0	0
0	0	0	0	1	1	1	0	0	0
0	0	0	0	1	1	1	1	1	1
0	0	0	0	1	1	1	0	0	0
0	0	0	0	0	1	0	0	0	0
0	0	0	0	0	1	0	0	0	0
0	0	0	0	0	1	0	0	0	0
0	0	0	0	0	1	0	0	0	0
0	0	0	0	0	1	0	0	0	0
0	0	0	0	0	1	0	0	1	1
0	0	0	0	0	1	1	0	0	0
0	0	0	0	0	1	1	1	0	0
0	0	0	0	0	1	1	1	0	0
0	0	0	0	0	1	1	0	0	0
0	0	0	0	0	1	1	0	0	0
0	0	0	0	0	1	1	0	0	0
0	0	0	0	0	1	1	0	0	0
0	0	0	0	0	1	1	0	0	0
0	0	0	0	0	1	1	0	0	0
0	0	0	0	0	1	1	0	0	0
0	0	0	0	0	1	1	0	0	0
0	0	0	0	0	1	1	0	0	0
0	0	0	0	0	1	1	0	0	0
0	0	0	0	0	1	1	0	1	1
0	0	0	0	0	1	1	1	0	0
0	0	0	0	0	1	1	1	0	0
0	0	0	0	0	1	1	1	0	0
0	0	0	0	0	1	1	1	0	0
0	0	0	0	0	1	1	1	0	0
0	0	0	0	0	1	1	1	0	0
0	0	0	0	0	1	1	1	0	0
0	0	0	0	0	1	1	1	1	1
0	0	0	0	0	1	1	1	1	1
0	0	0	0	0	1	1	1	1	1
0	0	0	0	0	1	1	1	1	1
0	0	0	0	0	1	1	1	0	0
0	0	0	0	0	1	1	1	1	0
0	0	0	0	0	1	1	1	1	1
0	0	0	0	0	1	1	1	1	1
0	0	0	0	0	1	1	1	1	0
0	0	0	0	0	1	1	1	1	1
0	0	0	0	0	1	1	1	1	1
0	0	0	0	0	1	1	1	1	1
0	0	0	0	0	1	1	1	1	1
0	0	0	0	0	1	1	1	1	0
0	0	0	0	0	1	1	1	1	1
0	0	0	0	0	1	0	0	0	0
0	0	0	0	0	1	1	0	0	0
0	0	0	0	0	1	0	0	0	0
0	0	0	0	0	1	0	0	0	0
0	0	0	0	0	1	1	0	0	0
0	0	0	0	0	1	1	1	1	0
0	0	0	0	0	1	1	1	1	1
0	0	0	0	0	1	1	1	1	1
0	0	0	0	0	0	1	0	0	0
0	0	0	0	0	0	1	0	0	0
0	0	0	0	0	0	1	0	0	0
0	0	0	0	0	0	1	0	0	0
0	0	0	0	0	0	1	0	0	0
0	0	0	0	0	0	1	0	0	0
0	0	0	0	0	0	1	0	0	0
0	0	0	0	0	0	1	0	0	0
0	0	0	0	0	0	1	0	0	0
0	0	0	0	0	0	1	0	0	0
0	0	0	0	0	0	1	0	0	0
0	0	0	0	0	0	1	0	0	0
0	0	0	0	0	0	1	0	1	1
0	0	0	0	0	0	1	0	1	1
0	0	0	0	0	0	1	1	0	0
0	0	0	0	0	0	1	1	0	0
0	0	0	0	0	0	1	1	0	0
0	0	0	0	0	0	1	1	0	0
0	0	0	0	0	0	1	1	0	0
0	0	0	0	0	0	1	1	0	0
0	0	0	0	0	0	1	1	0	0
0	0	0	0	0	0	1	1	0	0
0	0	0	0	0	0	1	1	0	1
0	0	0	0	0	0	1	1	0	1
0	0	0	0	0	0	1	1	1	0
0	0	0	0	0	0	1	1	1	0
0	0	0	0	0	0	1	1	1	0
0	0	0	0	0	0	1	1	1	0
0	0	0	0	0	0	1	1	1	0
0	0	0	0	0	0	1	1	1	0
0	0	0	0	0	0	1	1	1	0
0	0	0	0	0	0	1	1	1	0
0	0	0	0	0	0	1	1	1	1
0	0	0	0	0	0	1	1	1	0
0	0	0	0	0	0	1	1	1	0
0	0	0	0	0	0	1	1	1	1
0	0	0	0	0	0	1	1	1	1
0	0	0	0	0	0	1	1	1	1
0	0	0	0	0	0	1	1	1	1
0	0	0	0	0	0	1	1	1	0
0	0	0	0	0	0	1	1	1	0
0	0	0	0	0	0	1	1	1	0
0	0	0	0	0	0	1	1	1	1
0	0	0	0	0	0	1	1	1	1
0	0	0	0	0	0	1	1	1	1
0	0	0	0	0	0	1	1	1	1
0	0	0	0	0	0	1	1	1	1
0	0	0	0	0	0	1	1	1	1
0	0	0	0	0	0	1	1	1	1
0	0	0	0	0	0	1	1	1	1
0	0	0	0	0	0	1	1	1	1
0	0	0	0	0	0	1	1	0	0
0	0	0	0	0	0	1	1	0	0
0	0	0	0	0	0	1	1	0	0
0	0	0	0	0	0	1	1	0	0
0	0	0	0	0	0	1	1	1	1
0	0	0	0	0	0	1	1	0	0
0	0	0	0	0	0	1	1	1	1
0	0	0	0	0	0	1	1	1	1
0	0	0	0	0	0	1	1	1	1
0	0	0	0	0	0	1	1	1	0
0	0	0	0	0	0	0	1	0	0
0	0	0	0	0	0	0	1	0	0
0	0	0	0	0	0	0	1	0	0
0	0	0	0	0	0	0	1	0	0
0	0	0	0	0	0	0	1	0	0
0	0	0	0	0	0	0	1	0	0
0	0	0	0	0	0	0	1	0	1
0	0	0	0	0	0	0	1	1	0
0	0	0	0	0	0	0	1	1	0
0	0	0	0	0	0	0	1	1	1
0	0	0	0	0	0	0	1	1	0
0	0	0	0	0	0	0	1	1	0
0	0	0	0	0	0	0	1	1	0
0	0	0	0	0	0	0	1	1	0
0	0	0	0	0	0	0	1	1	0
0	0	0	0	0	0	0	1	1	0
0	0	0	0	0	0	0	1	1	1
0	0	0	0	0	0	0	1	1	0
0	0	0	0	0	0	0	1	1	0
0	0	0	0	0	0	0	1	1	0
0	0	0	0	0	0	0	1	1	0
0	0	0	0	0	0	0	1	1	0
0	0	0	0	0	0	0	1	1	0
0	0	0	0	0	0	0	1	1	0
0	0	0	0	0	0	0	1	1	0
0	0	0	0	0	0	0	1	1	0
0	0	0	0	0	0	0	1	1	0
0	0	0	0	0	0	0	1	1	1
0	0	0	0	0	0	0	1	1	1
0	0	0	0	0	0	0	1	1	1
0	0	0	0	0	0	0	1	1	1
0	0	0	0	0	0	0	1	1	1
0	0	0	0	0	0	0	1	1	1
0	0	0	0	0	0	0	1	1	1
0	0	0	0	0	0	0	1	1	1
0	0	0	0	0	0	0	1	1	1
0	0	0	0	0	0	0	1	1	1
0	0	0	0	0	0	0	1	1	1
0	0	0	0	0	0	0	1	1	1
0	0	0	0	0	0	0	1	1	1
0	0	0	0	0	0	0	1	1	1
0	0	0	0	0	0	0	1	1	1
0	0	0	0	0	0	0	1	1	1
0	0	0	0	0	0	0	1	1	1
0	0	0	0	0	0	0	1	1	1
0	0	0	0	0	0	0	1	1	1
0	0	0	0	0	0	0	1	1	1
0	0	0	0	0	0	0	1	0	0
0	0	0	0	0	0	0	1	1	0
0	0	0	0	0	0	0	1	1	0
0	0	0	0	0	0	0	1	1	1
0	0	0	0	0	0	0	1	1	1
0	0	0	0	0	0	0	1	1	0
0	0	0	0	0	0	0	1	1	1
0	0	0	0	0	0	0	0	1	0
0	0	0	0	0	0	0	0	1	0
0	0	0	0	0	0	0	0	1	0
0	0	0	0	0	0	0	0	1	0
0	0	0	0	0	0	0	0	1	0
0	0	0	0	0	0	0	0	1	0
0	0	0	0	0	0	0	0	1	0
0	0	0	0	0	0	0	0	1	0
0	0	0	0	0	0	0	0	1	0
0	0	0	0	0	0	0	0	1	0
0	0	0	0	0	0	0	0	1	0
0	0	0	0	0	0	0	0	1	0
0	0	0	0	0	0	0	0	1	0
0	0	0	0	0	0	0	0	1	0
0	0	0	0	0	0	0	0	1	0
0	0	0	0	0	0	0	0	1	0
0	0	0	0	0	0	0	0	1	1
0	0	0	0	0	0	0	0	1	1
0	0	0	0	0	0	0	0	1	1
0	0	0	0	0	0	0	0	1	1
0	0	0	0	0	0	0	0	1	1
0	0	0	0	0	0	0	0	1	1
0	0	0	0	0	0	0	0	1	1
0	0	0	0	0	0	0	0	1	1
0	0	0	0	0	0	0	0	1	1
0	0	0	0	0	0	0	0	1	1
0	0	0	0	0	0	0	0	1	1
0	0	0	0	0	0	0	0	1	1
0	0	0	0	0	0	0	0	1	1
0	0	0	0	0	0	0	0	1	1
0	0	0	0	0	0	0	0	1	1
0	0	0	0	0	0	0	0	1	1
0	0	0	0	0	0	0	0	1	1
0	0	0	0	0	0	0	0	1	1
0	0	0	0	0	0	0	0	1	1
0	0	0	0	0	0	0	0	1	1
0	0	0	0	0	0	0	0	1	1
0	0	0	0	0	0	0	0	1	1
0	0	0	0	0	0	0	0	1	1
0	0	0	0	0	0	0	0	1	1
0	0	0	0	0	0	0	0	1	1
0	0	0	0	0	0	0	0	1	1
0	0	0	0	0	0	0	0	1	1
0	0	0	0	0	0	0	0	1	1
0	0	0	0	0	0	0	0	1	1
0	0	0	0	0	0	0	0	1	1
0	0	0	0	0	0	0	0	1	1
0	0	0	0	0	0	0	0	1	1
0	0	0	0	0	0	0	0	1	1
0	0	0	0	0	0	0	0	1	1
0	0	0	0	0	0	0	0	1	1
0	0	0	0	0	0	0	0	1	1
0	0	0	0	0	0	0	0	1	1
0	0	0	0	0	0	0	0	1	1
0	0	0	0	0	0	0	0	1	1
0	0	0	0	0	0	0	0	1	1
0	0	0	0	0	0	0	0	1	1
0	0	0	0	0	0	0	0	1	1
0	0	0	0	0	0	0	0	1	1
0	0	0	0	0	0	0	0	1	1
0	0	0	0	0	0	0	0	1	1
0	0	0	0	0	0	0	0	1	1
0	0	0	0	0	0	0	0	1	0
0	0	0	0	0	0	0	0	1	1
0	0	0	0	0	0	0	0	1	1
0	0	0	0	0	0	0	0	1	1
0	0	0	0	0	0	0	0	1	1
0	0	0	0	0	0	0	0	1	1
0	0	0	0	0	0	0	0	1	1
0	0	0	0	0	0	0	0	1	1
0	0	0	0	0	0	0	0	1	1
0	0	0	0	0	0	0	0	1	1
0	0	0	0	0	0	0	0	0	1
0	0	0	0	0	0	0	0	0	1
0	0	0	0	0	0	0	0	0	1
0	0	0	0	0	0	0	0	0	1
0	0	0	0	0	0	0	0	0	1
0	0	0	0	0	0	0	0	0	1
0	0	0	0	0	0	0	0	0	1
0	0	0	0	0	0	0	0	0	1
0	0	0	0	0	0	0	0	0	1
0	0	0	0	0	0	0	0	0	1
0	0	0	0	0	0	0	0	0	1
0	0	0	0	0	0	0	0	0	1
0	0	0	0	0	0	0	0	0	1
0	0	0	0	0	0	0	0	0	1
0	0	0	0	0	0	0	0	0	1
0	0	0	0	0	0	0	0	0	1
0	0	0	0	0	0	0	0	0	1
0	0	0	0	0	0	0	0	0	1
0	0	0	0	0	0	0	0	0	1
0	0	0	0	0	0	0	0	0	1
0	0	0	0	0	0	0	0	0	1
0	0	0	0	0	0	0	0	0	1
0	0	0	0	0	0	0	0	0	1
0	0	0	0	0	0	0	0	0	1
0	0	0	0	0	0	0	0	0	1
0	0	0	0	0	0	0	0	0	1
0	0	0	0	0	0	0	0	0	1
0	0	0	0	0	0	0	0	0	1
0	0	0	0	0	0	0	0	0	1
0	0	0	0	0	0	0	0	0	1
0	0	0	0	0	0	0	0	0	1
0	0	0	0	0	0	0	0	0	1
0	0	0	0	0	0	0	0	0	1
0	0	0	0	0	0	0	0	0	1
0	0	0	0	0	0	0	0	0	1
0	0	0	0	0	0	0	0	0	1
0	0	0	0	0	0	0	0	0	1
0	0	0	0	0	0	0	0	0	1
0	0	0	0	0	0	0	0	0	1
0	0	0	0	0	0	0	0	0	1
0	0	0	0	0	0	0	0	0	1
0	0	0	0	0	0	0	0	0	1
0	0	0	0	0	0	0	0	0	1
0	0	0	0	0	0	0	0	0	1
0	0	0	0	0	0	0	0	0	1
0	0	0	0	0	0	0	0	0	1
0	0	0	0	0	0	0	0	0	1
0	0	0	0	0	0	0	0	0	1
0	0	0	0	0	0	0	0	0	1
0	0	0	0	0	0	0	0	0	1
0	0	0	0	0	0	0	0	0	1
0	0	0	0	0	0	0	0	0	1
0	0	0	0	0	0	0	0	0	1
0	0	0	0	0	0	0	0	0	1
0	0	0	0	0	0	0	0	0	1
0	0	0	0	0	0	0	0	0	1
0	0	0	0	0	0	0	0	0	1
0	0	0	0	0	0	0	0	0	1
0	0	0	0	0	0	0	0	0	1
0	0	0	0	0	0	0	0	0	1
0	0	0	0	0	0	0	0	0	1
0	0	0	0	0	0	0	0	0	1
0	0	0	0	0	0	0	0	0	1
0	0	0	0	0	0	0	0	0	1
0	0	0	0	0	0	0	0	0	1
0	0	0	0	0	0	0	0	0	1
0	0	0	0	0	0	0	0	0	1
0	0	0	0	0	0	0	0	0	1
0	0	0	0	0	0	0	0	0	1
0	0	0	0	0	0	0	0	0	1
0	0	0	0	0	0	0	0	0	1
0	0	0	0	0	0	0	0	0	1
0	0	0	0	0	0	0	0	0	1
0	0	0	0	0	0	0	0	0	1
0	0	0	0	0	0	0	0	0	1
0	0	0	0	0	0	0	0	0	1
0	0	0	0	0	0	0	0	0	1
0	0	0	0	0	0	0	0	0	1
0	0	0	0	0	0	0	0	0	1
0	0	0	0	0	0	0	0	0	1
0	0	0	0	0	0	0	0	0	1
0	0	0	0	0	0	0	0	0	1
0	0	0	0	0	0	0	0	0	1
0	0	0	0	0	0	0	0	0	1
0	0	0	0	0	0	0	0	0	1
0	0	0	0	0	0	0	0	0	1
0	0	0	0	0	0	0	0	0	1
0	0	0	0	0	0	0	0	0	1
0	0	0	0	0	0	0	0	0	1
0	0	0	0	0	0	0	0	0	1
0	0	0	0	0	0	0	0	0	1
0	0	0	0	0	0	0	0	0	1
0	0	0	0	0	0	0	0	0	1
0	0	0	0	0	0	0	0	0	1
0	0	0	0	0	0	0	0	0	1
0	0	0	0	0	0	0	0	0	1
0	0	0	0	0	0	0	0	0	1
0	0	0	0	0	0	0	0	0	1
0	0	0	0	0	0	0	0	0	1
0	0	0	0	0	0	0	0	0	1
0	0	0	0	0	0	0	0	0	1
0	0	0	0	0	0	0	0	0	1
0	0	0	0	0	0	0	0	0	1
0	0	0	0	0	0	0	0	0	1
0	0	0	0	0	0	0	0	0	1
